0,4795,6541,1942,2365,2044,7596,1181,803,1301,2864,1148,1221,567,571,601,748,448,1329,474,363,368,580,553,506,453,672,354,685,338,680,339,798,515,479,341,343,587,400,396,233,162,812,385,513,437,1036,953,517,223,778,508,359,472,856,863,7948,698,377,266,428,187,386,146,105,226,649,279,800,93,686,522,1566,507,179,126,1141,546,45,46,286,193,174,241,163,249,68,113,134,391,4795,0,5775,4985,2318,2518,2858,8427,1246,1296,986,3392,961,650,677,595,459,1216,708,1131,323,491,794,486,385,400,592,609,393,577,532,581,675,876,166,194,525,404,366,382,266,241,304,188,333,278,255,413,399,286,508,486,419,259,636,708,1036,11131,243,433,286,418,184,240,150,130,402,355,319,566,642,647,556,1243,222,149,651,872,26,52,166,254,146,305,127,197,61,112,133,161,6541,5775,0,4497,3369,3408,14540,1826,859,685,1016,978,1033,633,873,842,526,628,3946,692,448,387,5371,502,465,317,706,331,437,314,823,592,1004,536,165,130,235,353,191,188,119,119,243,161,204,161,260,262,255,180,653,368,346,291,370,633,1111,900,176,133,138,95,193,155,80,76,384,230,250,89,792,453,1614,707,245,197,969,673,26,31,242,128,193,173,168,139,73,109,153,249,1942,4985,4497,0,3286,2682,5912,16718,945,979,666,1170,668,868,762,537,458,861,883,5249,276,440,1153,4113,358,336,529,246,267,569,605,837,726,1405,103,104,123,217,122,123,112,108,307,184,185,186,381,291,143,172,294,196,149,150,251,503,696,1037,90,121,164,120,119,137,65,72,275,151,157,91,379,649,338,1452,158,138,294,464,17,28,95,148,114,148,73,122,32,55,36,294,2365,2318,3369,3286,0,2078,4313,2841,1809,923,491,532,614,559,2067,780,309,311,579,485,439,314,570,587,593,550,2274,390,269,200,469,328,435,263,126,54,207,189,144,107,81,60,138,79,127,109,152,228,116,102,243,171,234,174,300,201,347,601,129,108,85,90,106,114,52,115,305,126,191,87,630,406,638,348,156,116,377,487,53,35,92,200,303,182,96,94,54,58,93,78,2044,2518,3408,2682,2078,0,5341,3410,1213,2351,512,708,520,703,876,1717,226,351,749,488,414,573,683,556,675,1140,1735,2007,245,176,425,381,301,221,90,81,185,225,192,243,86,77,198,158,119,152,215,514,176,147,390,245,372,207,591,355,209,370,98,104,54,54,65,93,71,68,304,122,163,95,413,737,401,480,124,76,336,395,16,20,112,71,153,409,153,83,65,68,253,121,7596,2858,14540,5912,4313,5341,0,6079,3322,1748,1161,1612,7097,727,1097,725,391,394,786,480,269,218,1652,574,225,305,389,239,681,219,302,237,326,397,126,112,149,208,147,180,119,66,289,107,143,99,323,398,164,123,200,123,104,108,263,417,525,303,80,93,63,76,79,73,48,75,329,184,122,54,443,386,1767,501,248,127,739,291,39,24,131,109,247,190,83,63,32,62,154,36,1181,8427,1826,16718,2841,3410,6079,0,3922,3710,1304,3831,2082,6715,1575,1126,373,740,531,755,182,353,399,1672,226,298,442,260,274,496,218,366,270,388,45,57,117,133,120,132,67,76,111,60,58,66,96,165,112,71,159,82,66,68,248,161,206,1191,59,77,42,62,77,93,38,60,178,107,127,40,339,376,369,1312,132,91,207,296,30,27,73,95,180,214,55,93,29,44,39,78,803,1246,859,945,1809,1213,3322,3922,0,3490,806,1101,1999,1506,4961,719,167,179,373,227,107,128,200,266,210,244,488,199,158,125,185,471,210,176,42,51,99,71,80,69,61,35,55,43,53,47,94,47,116,71,230,90,83,71,332,109,189,305,56,42,35,50,78,50,29,49,111,59,65,43,402,285,485,242,126,39,174,125,26,21,59,57,336,187,89,76,38,57,487,79,1301,1296,685,979,923,2351,1748,3710,3490,0,902,1029,1359,1415,1649,2342,174,176,247,321,132,207,182,377,172,424,454,296,154,182,203,307,167,222,55,73,83,142,85,95,68,86,134,76,103,86,323,100,132,74,130,55,116,50,153,277,275,257,69,97,50,47,65,59,36,67,257,119,110,74,158,654,144,478,95,88,178,304,13,23,205,94,164,476,95,80,35,80,53,192,2864,986,1016,666,491,512,1161,1304,806,902,0,1350,2006,931,1615,834,819,368,473,307,229,226,317,455,181,253,507,290,2135,129,152,107,206,203,57,93,110,198,95,157,68,71,189,129,166,118,251,346,209,90,217,110,94,79,163,667,619,158,65,83,52,53,73,68,29,51,202,173,115,43,250,252,536,243,71,63,542,153,19,14,208,91,230,164,51,48,32,38,31,120,1148,3392,978,1170,532,708,1612,3831,1101,1029,1350,0,4542,4882,1590,1320,680,1250,373,498,165,276,420,384,272,362,431,344,1290,1473,218,206,227,259,45,61,112,82,108,83,74,57,211,45,79,51,157,61,85,47,158,85,76,61,241,343,394,278,97,61,75,63,53,87,29,52,224,88,69,52,176,380,279,371,46,47,145,399,17,25,63,114,259,249,44,82,19,44,41,168,1221,961,1033,668,614,520,7097,2082,1999,1359,2006,4542,0,3496,4927,945,425,397,526,434,247,247,610,353,209,277,514,341,2852,440,142,291,179,223,102,32,75,96,121,55,37,46,88,49,79,51,101,108,143,59,125,49,54,69,118,104,166,321,51,72,54,85,46,64,33,39,123,107,62,36,256,229,743,263,121,47,152,317,23,20,116,79,584,99,67,83,34,27,176,41,567,650,633,868,559,703,727,6715,1506,1415,931,4882,3496,0,2484,3306,338,244,417,362,186,191,774,524,177,325,528,304,654,727,275,145,169,212,36,41,85,75,69,88,50,37,51,50,56,55,42,86,62,50,66,96,41,94,183,182,203,182,59,48,41,61,38,58,25,56,86,69,47,47,156,275,213,374,72,52,91,161,24,22,104,64,223,303,58,68,32,48,49,137,571,677,873,762,2067,876,1097,1575,4961,1649,1615,1590,4927,2484,0,2747,696,426,543,720,626,410,750,406,403,491,1472,593,2153,278,319,598,288,330,124,155,262,115,240,130,46,85,165,115,151,118,212,196,337,126,167,130,77,217,154,178,203,222,101,114,73,110,92,149,58,97,155,244,139,139,871,268,592,383,193,109,160,231,143,104,310,197,4889,323,71,158,89,34,76,118,601,595,842,537,780,1717,725,1126,719,2342,834,1320,945,3306,2747,0,651,761,928,415,461,693,571,426,398,664,819,1186,867,1627,295,217,173,169,130,126,126,132,214,710,205,164,154,100,141,118,119,177,150,44,91,71,143,295,112,317,266,383,322,62,49,157,88,197,71,251,231,203,209,128,208,1011,274,769,103,198,213,437,52,362,296,253,517,5852,62,136,75,196,47,138,748,459,526,458,309,226,391,373,167,174,819,680,425,338,696,651,0,842,547,566,336,458,750,366,245,301,598,350,2866,459,358,221,257,170,117,148,126,209,156,234,137,52,221,139,114,100,224,42,230,95,334,104,142,182,255,237,1519,202,131,57,132,171,421,171,93,90,233,217,173,88,334,181,1003,204,116,125,472,321,829,255,3748,198,475,282,177,54,59,42,34,68,448,1216,628,861,311,351,394,740,179,176,368,1250,397,244,426,761,842,0,655,635,473,444,686,466,389,346,630,508,908,3515,234,385,252,276,91,146,293,181,134,249,342,292,163,122,92,122,165,408,207,152,379,297,267,151,463,285,421,1741,168,221,220,235,161,624,82,155,401,187,171,139,285,319,195,856,128,108,331,222,191,753,597,3592,240,406,96,128,39,57,98,124,1329,708,3946,883,579,749,786,531,373,247,473,373,526,417,543,928,547,655,0,3179,518,740,2325,569,408,490,476,459,842,618,865,967,7770,1847,118,94,174,124,140,248,79,59,186,97,203,139,188,105,130,106,232,112,170,127,316,298,423,212,116,103,43,72,107,112,144,128,567,245,2807,114,495,323,699,279,81,50,441,214,62,50,202,210,296,277,66,62,23,45,49,111,474,1131,692,5249,485,488,480,755,227,321,307,498,434,362,720,415,566,635,3179,0,843,892,1024,1098,551,596,777,641,774,888,713,816,1938,7307,145,174,128,197,111,245,154,114,217,139,205,94,148,130,172,84,223,101,72,99,191,223,349,439,93,128,81,121,108,115,91,96,410,638,796,869,235,522,205,667,70,52,170,380,35,26,129,194,152,186,45,100,24,52,39,153,363,323,448,276,439,414,269,182,107,132,229,165,247,186,626,461,336,473,518,843,0,884,499,553,503,677,1405,367,728,283,406,601,303,640,100,74,108,175,140,140,85,48,107,45,95,101,78,88,103,112,114,73,66,73,81,83,202,208,86,46,48,82,79,79,53,66,248,80,91,130,684,360,656,132,46,52,164,130,40,31,205,148,330,217,66,42,70,38,37,23,368,491,387,440,314,573,218,353,128,207,226,276,247,191,410,693,458,444,740,892,884,0,741,747,677,1059,953,905,685,501,560,870,466,835,87,77,101,111,99,326,59,70,119,83,61,76,275,153,157,65,100,136,105,118,132,189,262,250,120,61,148,35,115,92,81,121,264,172,98,71,258,898,158,271,63,86,141,173,77,56,228,137,204,322,41,112,43,115,31,125,580,794,5371,1153,570,683,1652,399,200,182,317,420,610,774,750,571,750,686,2325,1024,499,741,0,2366,1628,1000,963,773,1266,1009,6198,1168,1608,817,135,64,143,98,75,84,76,62,113,58,83,75,94,184,162,131,115,111,54,74,196,243,247,300,90,57,118,80,114,105,54,65,188,121,131,65,275,421,476,274,98,52,155,115,42,37,136,173,229,191,120,83,45,51,57,188,553,486,502,4113,587,556,574,1672,266,377,455,384,353,524,406,426,366,466,569,1098,553,747,2366,0,1135,2126,862,586,989,678,1423,3647,705,1377,65,59,72,117,200,134,57,60,60,41,44,46,77,112,82,87,67,118,70,196,64,212,148,171,60,79,35,65,88,67,34,69,157,146,240,79,195,573,202,350,70,62,109,155,57,45,144,170,141,258,36,70,21,25,32,184,506,385,465,358,593,675,225,226,210,172,181,272,209,177,403,398,245,389,408,551,503,677,1628,1135,0,3493,4088,1813,670,796,3179,1084,442,408,87,44,82,81,59,86,73,35,118,42,82,66,82,63,127,85,109,104,72,63,84,173,163,164,85,36,46,42,52,58,26,40,210,84,70,56,271,258,155,139,41,34,150,114,27,41,116,115,119,174,29,49,17,16,26,73,453,400,317,336,550,1140,305,298,244,424,253,362,277,325,491,664,301,346,490,596,677,1059,1000,2126,3493,0,3787,2496,879,1135,2723,1971,348,558,56,59,144,146,108,144,61,42,207,78,76,69,117,128,84,87,82,50,84,32,190,177,298,197,74,56,38,68,62,88,43,59,150,88,134,107,349,598,117,167,41,55,193,351,52,36,168,151,165,345,55,74,38,59,65,101,672,592,706,529,2274,1735,389,442,488,454,507,431,514,528,1472,819,598,630,476,777,1405,953,963,862,4088,3787,0,4665,1076,848,1406,811,310,367,92,75,100,136,121,163,81,40,257,50,117,130,180,108,98,110,131,121,117,100,165,96,228,355,74,96,81,67,92,113,52,59,158,123,68,126,696,417,275,185,52,59,224,307,83,46,181,196,444,198,46,48,47,45,64,36,354,609,331,246,390,2007,239,260,199,296,290,344,341,304,593,1186,350,508,459,641,367,905,773,586,1813,2496,4665,0,660,640,932,690,384,761,56,64,46,110,78,241,53,38,176,123,165,211,162,183,145,122,140,70,103,86,102,94,163,176,59,65,40,23,49,85,44,93,163,141,107,50,315,618,153,138,30,53,121,108,84,47,187,224,173,272,52,78,39,44,97,45,685,393,437,267,269,245,681,274,158,154,2135,1290,2852,654,2153,867,2866,908,842,774,728,685,1266,989,670,879,1076,660,0,1134,1346,950,572,535,143,178,164,233,375,335,139,75,335,167,260,192,179,148,225,191,248,211,118,216,245,291,824,217,247,80,251,265,348,245,209,146,399,254,141,79,394,195,604,284,139,200,348,355,656,238,1782,480,1810,270,168,129,169,73,120,176,338,577,314,569,200,176,219,496,125,182,129,1473,440,727,278,1627,459,3515,618,888,283,501,1009,678,796,1135,848,640,1134,0,1891,858,726,973,100,184,254,193,109,315,180,168,201,175,168,160,204,132,238,125,184,160,213,185,139,337,273,558,175,269,164,118,160,361,52,398,233,242,160,159,208,539,237,506,70,255,344,386,174,617,394,2440,494,2581,109,322,82,297,42,126,680,532,823,605,469,425,302,218,185,203,152,218,142,275,319,295,358,234,865,713,406,560,6198,1423,3179,2723,1406,932,1346,1891,0,2816,2457,1218,106,57,88,98,144,61,80,35,560,68,160,159,205,83,51,98,210,109,68,33,65,46,268,181,59,46,168,77,108,59,46,50,198,136,154,51,223,176,131,82,28,31,222,106,67,73,279,101,98,94,48,39,5,17,18,14,339,581,592,837,328,381,237,366,471,307,107,206,291,145,598,217,221,385,967,816,601,870,1168,3647,1084,1971,811,690,950,858,2816,0,1909,3318,150,80,76,255,103,103,48,45,58,31,74,56,103,236,63,78,106,70,68,53,154,236,116,164,55,126,45,74,108,55,47,106,354,293,96,73,121,348,81,110,34,19,109,191,70,42,128,86,100,99,33,79,24,29,63,58,798,675,1004,726,435,301,326,270,210,167,206,227,179,169,288,173,257,252,7770,1938,303,466,1608,705,442,348,310,384,572,726,2457,1909,0,5687,1478,308,229,229,266,252,77,107,367,202,355,340,140,454,238,155,267,189,109,74,159,307,393,291,394,309,229,117,209,181,273,294,5506,843,2689,161,194,232,194,163,44,38,192,93,46,31,167,246,84,191,84,82,24,55,65,82,515,876,536,1405,263,221,397,388,176,222,203,259,223,212,330,169,170,276,1847,7307,640,835,817,1377,408,558,367,761,535,973,1218,3318,5687,0,1028,888,114,251,191,190,101,164,368,143,319,329,283,290,280,100,307,237,110,154,229,278,365,559,130,513,138,131,256,232,238,155,1424,4548,744,689,107,245,101,198,22,47,142,259,20,25,135,166,43,100,72,127,20,29,62,132,479,166,165,103,126,90,126,45,42,55,57,45,102,36,124,130,117,91,118,145,100,87,135,65,87,56,92,56,143,100,106,150,1478,1028,0,331,130,123,129,114,101,75,293,110,463,228,296,210,238,127,116,98,83,92,188,325,194,183,119,161,98,53,103,97,97,167,2810,443,117,31,105,103,53,77,32,54,207,107,29,15,253,129,132,67,63,66,42,66,61,174,341,194,130,104,54,81,112,57,51,73,93,61,32,41,155,126,148,146,94,174,74,77,64,59,44,59,75,64,178,184,57,80,308,888,331,0,137,139,198,143,96,56,226,168,229,295,295,447,237,153,374,208,147,211,314,284,225,138,190,153,69,76,85,94,72,76,660,978,97,80,78,188,71,156,20,39,133,96,41,30,192,158,135,128,68,53,37,25,56,101,343,525,235,123,207,185,149,117,99,83,110,112,75,85,262,126,126,293,174,128,108,101,143,72,82,144,100,46,164,254,88,76,229,114,130,137,0,1314,5627,488,592,80,585,286,410,271,341,263,210,200,311,259,175,214,1734,186,134,173,111,100,76,96,89,75,60,81,573,180,113,42,166,257,117,88,93,44,210,124,39,31,151,251,279,115,180,95,242,99,257,103,587,404,353,217,189,225,208,133,71,142,198,82,96,75,115,132,209,181,124,197,175,111,98,117,81,146,136,110,233,193,98,255,229,251,123,139,1314,0,1879,3379,512,507,338,345,341,240,339,607,245,325,309,447,228,233,672,1883,246,199,124,167,114,95,96,307,123,96,429,407,57,73,109,470,65,181,58,155,198,793,18,34,153,163,117,160,100,237,69,233,108,291,400,366,191,122,144,192,147,120,80,85,95,108,121,69,240,214,156,134,140,111,140,99,75,200,59,108,121,78,375,109,144,103,266,191,129,198,5627,1879,0,1806,2023,354,598,441,376,346,581,462,325,342,373,287,359,354,4067,885,277,210,108,78,117,76,165,138,106,151,533,228,104,61,205,200,211,135,57,53,272,202,83,64,167,194,849,80,188,145,306,124,303,246,396,382,188,123,107,243,180,132,69,95,157,83,55,88,130,710,234,249,248,245,140,326,84,134,86,144,163,241,335,315,61,103,252,190,114,143,488,3379,1806,0,1029,1342,555,866,371,416,532,987,239,499,279,438,292,524,930,3704,440,163,102,118,82,75,124,169,75,190,316,473,132,58,124,306,116,161,45,66,115,202,42,55,161,166,204,532,60,252,125,320,76,346,233,266,119,112,81,86,119,67,61,68,68,74,37,50,46,205,137,342,79,154,85,59,76,57,73,61,81,53,139,180,80,48,77,101,101,96,592,512,2023,1029,0,265,591,253,330,204,284,158,201,238,467,164,89,132,521,625,227,147,116,68,104,51,83,173,88,68,448,145,34,33,144,138,134,66,46,29,165,129,24,24,166,109,256,190,137,187,151,94,66,127,162,241,119,108,60,77,66,76,35,86,71,57,46,37,85,164,52,292,59,114,48,70,62,60,35,42,40,38,75,168,35,45,107,164,75,56,80,507,354,1342,265,0,271,226,218,126,253,274,138,145,273,136,164,105,326,552,112,257,74,107,49,71,42,93,46,59,174,214,100,110,93,234,77,217,91,71,148,274,25,46,69,212,65,341,42,121,81,335,174,260,812,304,243,307,138,198,289,111,55,134,189,211,88,51,165,154,221,163,186,217,107,119,113,60,118,207,257,176,335,201,560,58,367,368,293,226,585,338,598,555,591,271,0,5999,20497,4867,9679,3332,1861,638,1062,388,253,160,727,567,397,338,191,139,176,134,104,171,103,254,1791,98,133,51,101,164,56,146,28,45,107,162,42,39,151,93,383,145,250,144,65,74,156,163,385,188,161,184,79,158,107,60,43,76,129,45,49,50,115,100,139,122,97,139,45,83,58,41,42,78,50,123,167,175,68,31,202,143,110,168,286,345,441,866,253,226,5999,0,4786,10097,4264,7766,1220,2491,571,1016,362,453,643,673,262,343,249,167,165,124,133,224,92,181,689,1311,76,36,49,170,71,87,18,31,71,133,30,38,138,204,139,177,88,242,25,83,84,230,513,333,204,185,127,119,143,58,53,103,166,79,79,56,151,141,114,92,203,205,95,61,83,44,82,76,117,165,260,168,160,74,355,319,463,229,410,341,376,371,330,218,20497,4786,0,3589,2835,2136,4444,1016,1180,389,206,224,651,668,471,288,339,166,236,126,155,253,188,314,4773,973,149,41,119,27,125,56,35,27,91,86,28,26,180,52,100,203,295,61,46,53,158,292,437,278,161,186,109,152,99,66,47,86,118,51,51,55,118,118,100,122,139,94,101,76,75,46,66,69,130,211,192,160,159,56,340,329,228,295,271,240,346,416,204,126,4867,10097,3589,0,2653,2985,1719,3790,937,1380,322,298,730,557,352,555,346,383,389,181,175,293,195,475,1305,3851,69,63,57,102,70,97,24,31,155,201,28,28,160,144,121,177,90,257,52,117,87,321,1036,255,260,381,152,215,323,96,94,323,251,157,101,42,212,119,224,165,188,148,78,275,94,77,82,117,180,162,179,204,205,103,140,283,296,295,341,339,581,532,284,253,9679,4264,2835,2653,0,3189,1333,1320,1301,786,588,509,3050,476,287,196,97,78,104,61,79,152,61,157,934,343,87,21,85,41,73,49,34,29,156,70,33,29,144,75,113,96,213,64,29,44,134,54,953,413,262,291,228,514,398,165,47,100,346,61,108,86,196,177,42,408,105,130,88,153,184,112,63,128,108,183,148,132,83,236,454,290,210,447,263,607,462,987,158,274,3332,7766,2136,2985,3189,0,1865,1975,1299,1589,737,1459,960,2140,247,243,156,205,123,64,92,149,70,184,464,819,54,35,53,56,38,54,12,15,61,231,6,23,37,158,68,141,113,210,33,59,61,256,517,399,255,143,116,176,164,112,116,132,209,85,143,62,337,150,230,207,130,172,103,157,162,82,127,84,98,145,225,238,51,63,238,280,238,237,210,245,325,239,201,138,1861,1220,4444,1719,1333,1865,0,3209,7424,703,479,405,599,794,546,553,929,241,485,180,244,164,295,436,1742,393,170,36,67,94,96,75,23,26,143,176,28,34,316,96,154,145,503,228,50,81,155,158,223,286,180,172,102,147,123,71,71,74,90,47,59,50,126,44,95,152,106,84,112,65,131,87,85,87,110,122,191,125,98,78,155,100,127,153,200,325,342,499,238,145,638,2491,1016,3790,1320,1975,3209,0,3228,4377,387,491,591,494,314,440,341,568,229,223,129,185,266,1137,546,590,44,59,186,117,91,80,32,27,149,290,49,40,116,233,123,80,105,267,54,62,129,220,778,508,653,294,243,390,200,159,230,130,217,158,125,66,167,91,334,379,232,223,114,100,115,67,109,82,131,140,248,184,210,106,267,307,116,374,311,309,373,279,467,273,1062,571,1180,937,1301,1299,7424,3228,0,4404,5183,976,3178,851,787,804,1700,684,1700,250,271,465,1640,336,709,491,228,183,159,170,163,190,68,120,239,188,75,160,559,350,257,299,2702,217,137,118,523,161,508,486,368,196,171,245,123,82,90,55,110,85,49,96,130,71,104,297,112,101,73,136,111,118,104,50,121,70,211,160,109,70,189,237,98,208,259,447,287,438,164,136,388,1016,389,1380,786,1589,703,4377,4404,0,1839,3733,1098,1462,491,476,435,740,298,493,233,305,443,1593,371,436,139,82,168,285,137,150,47,83,204,299,56,86,215,460,195,365,307,2988,102,187,257,1917,359,419,346,149,234,372,104,66,83,116,94,76,54,41,77,143,142,267,170,72,66,105,54,70,72,84,117,103,118,213,68,68,109,110,83,147,175,228,359,292,89,164,253,362,206,322,588,737,479,387,5183,1839,0,1345,2514,777,366,619,386,239,418,222,193,312,339,454,347,254,141,111,218,139,80,221,77,144,287,117,115,160,246,251,145,197,1517,385,268,197,1128,444,472,259,291,150,174,207,108,68,71,50,79,61,69,94,217,295,182,151,127,99,73,118,74,196,63,32,100,86,216,185,33,53,74,154,92,211,214,233,354,524,132,105,160,453,224,298,509,1459,405,491,976,3733,1345,0,1645,1855,447,285,252,252,183,112,104,148,165,390,404,337,59,46,99,171,65,111,30,55,159,102,49,59,185,120,201,365,186,257,97,143,356,1094,856,636,370,251,300,591,263,248,332,153,163,241,118,183,154,112,255,463,316,191,81,132,196,64,84,190,165,102,245,139,65,154,159,229,188,314,1734,672,4067,930,521,326,727,643,651,730,3050,960,599,591,3178,1098,2514,1645,0,1517,798,665,421,425,322,244,365,260,330,456,556,482,289,137,243,234,177,227,84,137,321,254,132,211,285,263,479,212,1236,554,957,680,3955,676,863,708,633,503,201,355,417,161,109,277,667,343,104,182,178,317,237,285,298,223,83,189,243,212,173,177,96,94,291,337,46,236,307,278,325,284,186,1883,885,3704,625,552,567,673,668,557,476,2140,794,494,851,1462,777,1855,1517,0,764,544,356,350,202,244,213,377,320,346,680,765,279,214,177,395,99,134,104,127,230,431,115,227,275,433,207,591,322,1830,381,1691,766,7048,7948,1036,1111,696,347,209,525,206,189,275,619,394,166,203,203,266,1519,421,423,349,202,262,247,148,163,298,228,163,824,273,268,116,393,365,194,225,134,246,277,440,227,112,397,262,471,352,287,247,546,314,787,491,366,447,798,764,0,2714,2656,1323,6449,1221,2954,314,482,372,520,407,769,107,329,206,1440,209,75,93,779,325,229,225,1432,144,162,97,196,247,55,95,172,417,698,11131,900,1037,601,370,303,1191,305,257,158,278,321,182,222,383,202,1741,212,439,208,250,300,171,164,197,355,176,217,558,181,164,291,559,183,138,173,199,210,163,147,257,338,343,288,555,196,243,553,440,804,476,619,285,665,544,2714,0,2698,5980,2112,4243,1105,5941,604,538,761,1482,248,825,180,294,103,928,92,61,203,528,101,166,248,925,98,198,276,262,53,77,178,289,377,243,176,90,129,98,80,59,56,69,65,97,51,59,101,322,131,168,116,93,86,120,90,60,85,74,74,59,247,175,59,55,394,130,119,190,111,124,108,102,116,74,191,249,339,346,97,156,929,341,1700,435,386,252,421,356,2656,2698,0,2495,4727,1292,1198,1230,1678,514,2439,657,295,179,177,83,222,103,32,59,355,163,41,55,329,200,93,243,224,162,69,69,246,230,266,433,133,121,108,104,93,77,42,97,83,61,72,48,114,62,57,221,103,128,46,61,57,79,36,56,96,65,80,269,46,126,309,513,161,153,100,167,78,118,68,107,139,167,166,383,78,205,241,568,684,740,239,252,425,350,1323,5980,2495,0,2755,4867,1269,1914,1476,3108,1351,3328,313,233,65,139,109,296,29,49,87,643,28,96,195,485,83,100,135,510,57,83,130,200,428,286,138,164,85,54,63,42,35,50,52,75,54,41,73,49,132,220,43,81,48,148,118,35,46,38,81,40,251,164,168,45,229,138,98,69,76,114,117,82,104,49,176,165,236,389,104,123,485,229,1700,298,418,183,322,202,6449,2112,4727,2755,0,2698,4687,1783,4113,556,1034,470,166,44,101,127,224,142,25,48,337,102,56,61,494,350,143,98,604,107,31,33,111,65,187,418,95,120,90,54,76,62,50,47,53,63,85,61,110,157,171,235,72,121,82,35,80,65,42,68,67,23,265,118,77,74,117,131,53,76,96,95,76,75,51,71,134,124,126,181,61,64,180,223,250,493,222,112,244,244,1221,4243,1292,4867,2698,0,3376,6526,1592,4533,873,737,129,239,110,90,163,216,52,63,285,224,80,98,401,441,164,184,235,532,62,113,225,495,386,184,193,119,106,65,79,77,78,65,73,53,46,38,92,88,421,161,107,108,79,115,114,88,52,62,92,49,348,160,108,108,209,256,103,85,89,96,165,124,83,42,104,133,155,175,79,92,244,129,271,233,193,104,365,213,2954,1105,1198,1269,4687,3376,0,2220,1520,1305,1023,937,377,240,268,281,607,279,193,238,492,194,201,383,3798,235,318,401,1665,264,56,56,180,148,146,240,155,137,114,93,73,93,50,59,68,87,64,58,149,197,171,624,112,115,79,92,105,67,58,88,113,85,245,361,59,55,181,232,97,94,75,307,138,169,173,93,171,224,253,293,152,149,164,185,465,305,312,148,260,377,314,5941,1230,1914,1783,6526,2220,0,1752,1861,1136,989,226,215,522,252,222,455,125,181,299,535,285,300,496,4818,231,273,461,1158,60,86,168,351,105,150,80,65,52,71,48,38,29,36,29,29,33,25,58,71,93,82,144,91,53,81,54,34,26,43,52,44,209,52,46,47,273,238,97,72,60,123,106,75,88,46,103,92,188,195,61,70,295,266,1640,443,339,165,330,320,482,604,1678,1476,4113,1592,1520,1752,0,1959,1149,922,237,218,306,170,126,178,128,69,142,195,57,127,525,297,260,447,2778,325,63,53,149,292,226,130,76,72,115,68,75,60,49,67,51,52,39,56,97,251,90,155,128,96,66,121,65,69,40,59,59,93,146,398,50,106,294,155,167,76,81,96,151,190,68,59,254,181,314,475,157,184,436,1137,336,1593,454,390,456,346,372,538,514,3108,556,4533,1305,1861,1959,0,1408,1146,229,216,222,120,118,138,69,66,173,327,67,120,428,1262,319,502,756,3809,80,81,328,195,649,402,384,275,305,304,329,178,111,257,202,224,123,86,155,231,233,401,567,410,248,264,188,157,210,150,158,163,399,233,198,354,5506,1424,2810,660,573,429,533,316,448,174,1791,689,4773,1305,934,464,1742,546,709,371,347,404,556,680,520,761,2439,1351,1034,873,1023,1136,1149,1408,0,4104,3113,281,383,344,216,218,68,75,563,251,117,96,972,386,212,155,517,292,96,62,419,334,279,355,230,151,126,122,184,107,59,119,173,88,107,69,244,203,217,187,245,638,80,172,121,146,84,88,123,141,254,242,136,293,843,4548,443,978,180,407,228,473,145,214,98,1311,973,3851,343,819,393,590,491,436,254,337,482,765,407,1482,657,3328,470,737,937,989,922,1146,4104,0,1163,1514,276,239,206,242,55,62,276,398,39,69,305,330,175,274,383,322,111,137,206,389,800,319,250,157,191,163,122,127,65,110,115,69,62,47,139,209,173,171,2807,796,91,98,131,240,70,134,68,107,141,160,154,96,2689,744,117,97,113,57,104,132,34,100,133,76,149,69,87,54,170,44,228,139,141,59,289,279,769,248,295,313,166,129,377,226,237,229,3113,1163,0,577,184,185,196,126,49,73,416,70,25,33,233,176,88,107,194,163,34,65,144,293,93,566,89,91,87,95,54,40,43,74,43,52,36,47,139,128,88,139,114,869,130,71,65,79,56,107,126,50,79,159,51,73,161,689,31,80,42,73,61,58,33,110,51,36,41,63,21,35,36,59,183,82,111,46,137,214,107,825,179,233,44,239,240,215,218,216,281,1514,577,0,294,159,216,129,51,35,144,474,51,52,314,329,151,153,343,125,53,80,135,276,686,642,792,379,630,413,443,339,402,158,250,176,256,156,871,208,334,285,495,235,684,258,275,195,271,349,696,315,394,208,223,121,194,107,105,78,166,109,205,124,144,93,101,49,119,57,85,53,67,186,159,168,218,99,243,177,329,180,177,65,101,110,268,522,306,222,383,276,184,294,0,516,1476,347,331,104,1260,294,84,62,392,338,449,187,202,210,109,79,140,167,522,647,453,649,406,737,386,376,285,654,252,380,229,275,268,1011,181,319,323,522,360,898,421,573,258,598,417,618,195,539,176,348,232,245,103,188,257,470,200,306,138,234,164,170,27,102,41,56,94,117,170,285,139,171,234,395,206,294,83,139,127,90,281,252,170,120,344,239,185,159,516,0,650,1802,367,442,262,1442,38,59,259,241,170,505,196,248,50,155,141,502,1566,556,1614,338,638,401,1767,369,485,144,536,279,743,213,592,274,1003,195,699,205,656,158,476,202,155,117,275,153,604,237,131,81,194,101,53,71,117,65,211,116,134,77,56,71,125,70,73,38,96,91,163,137,80,65,177,99,1440,103,222,109,224,163,607,222,126,118,216,206,196,216,1476,650,0,546,303,88,500,229,93,60,650,270,429,281,478,279,158,117,248,236,507,1243,707,1452,348,480,501,1312,242,478,243,371,263,374,383,769,204,856,279,667,132,271,274,350,139,167,185,138,284,506,82,110,163,198,77,156,88,181,135,161,66,217,146,87,56,97,49,54,75,80,190,150,221,111,227,134,209,928,103,296,142,216,279,455,178,138,218,242,126,129,347,1802,546,0,760,578,180,673,67,180,546,711,296,503,257,292,82,229,236,101,179,222,245,158,156,124,248,132,126,95,71,46,121,72,193,103,116,128,81,70,46,63,98,70,41,41,52,30,139,70,28,34,44,22,32,20,93,58,57,45,46,91,28,18,35,24,34,12,23,32,68,47,77,30,84,104,75,92,32,29,25,52,193,125,128,69,68,55,49,51,331,367,303,760,0,189,320,331,57,50,422,237,151,96,308,360,47,58,72,199,126,149,197,138,116,76,127,91,39,88,63,47,47,52,109,198,125,108,50,52,52,86,52,62,34,55,59,53,200,255,31,19,38,47,54,39,44,155,53,66,29,71,45,31,27,31,29,15,26,27,120,83,144,55,137,127,93,61,59,49,48,63,238,181,69,66,75,62,73,35,104,442,88,578,189,0,442,365,52,58,615,198,158,145,332,235,69,72,92,224,1141,651,969,294,377,336,739,207,174,178,542,145,152,91,160,213,472,331,441,170,164,141,155,109,150,193,224,121,348,344,222,109,192,142,207,133,210,198,272,115,165,148,107,71,91,155,156,61,143,149,239,204,287,159,321,230,779,203,355,87,337,285,492,299,142,173,563,276,416,144,1260,262,500,180,320,442,0,458,77,81,469,415,211,298,425,285,126,165,282,245,546,872,673,464,487,395,291,296,125,304,153,399,317,161,231,437,321,222,214,380,130,173,115,155,114,351,307,108,355,386,106,191,93,259,107,96,124,793,202,202,129,274,162,133,86,201,70,231,176,290,188,299,117,102,254,431,325,528,163,643,102,224,194,535,195,327,251,398,70,474,294,1442,229,673,331,365,458,0,91,124,598,566,308,298,423,501,124,193,614,555,45,26,26,17,53,16,39,30,26,13,19,17,23,24,143,52,829,191,62,35,40,77,42,57,27,52,83,84,656,174,67,70,46,20,29,41,39,18,83,42,24,25,42,30,28,28,33,6,28,49,75,56,115,49,132,115,229,101,41,28,56,80,201,285,57,67,117,39,25,51,84,38,93,67,57,52,77,91,0,177,1296,515,373,284,489,378,99,118,225,297,46,52,31,28,35,20,24,27,21,23,14,25,20,22,104,362,255,753,50,26,31,56,37,45,41,36,46,47,238,617,73,42,31,25,15,30,31,34,64,55,24,46,39,38,26,28,29,23,34,40,160,86,160,59,211,227,225,166,55,96,61,98,383,300,127,120,96,69,33,52,62,59,60,180,50,58,81,124,177,0,1217,1464,265,555,518,348,79,165,245,385,286,166,242,95,92,112,131,73,59,205,208,63,116,104,310,296,3748,597,202,129,205,228,136,144,116,168,181,187,1782,394,279,128,167,135,253,192,151,153,167,161,166,69,151,138,180,160,144,37,316,116,559,215,246,185,285,275,1432,248,329,195,494,401,3798,496,525,428,972,305,233,314,392,259,650,546,422,615,469,598,1296,1217,0,3339,4489,1853,11435,375,279,164,589,293,193,254,128,148,200,71,109,95,57,94,91,114,79,64,197,253,198,3592,210,194,148,137,173,170,115,151,196,224,480,2440,101,86,246,166,129,158,251,163,194,166,109,212,93,204,52,144,75,158,96,233,350,460,251,120,263,433,144,925,200,485,350,441,235,4818,297,1262,386,330,176,329,338,241,270,711,237,198,415,566,515,1464,3339,0,3173,6282,4024,14738,418,502,263,601,174,146,193,114,303,153,247,180,336,164,230,259,584,223,4889,517,475,240,296,152,330,204,229,141,119,165,444,173,1810,494,98,100,84,43,132,135,279,117,849,204,256,65,383,139,100,121,113,68,154,123,257,195,145,201,479,207,162,98,93,83,143,164,318,231,260,319,212,175,88,151,449,170,429,296,151,158,211,308,373,265,4489,3173,0,2838,4989,4121,4479,514,858,541,241,305,173,148,182,409,190,214,187,476,164,249,99,303,323,5852,282,406,277,186,217,322,191,258,174,345,198,272,270,2581,94,99,191,100,67,128,115,160,80,532,190,341,145,177,203,177,96,141,145,80,299,365,197,365,212,591,97,198,243,100,98,184,401,273,447,502,155,274,107,153,187,505,281,503,96,145,298,298,284,555,1853,6282,2838,0,5508,4327,1453,4071,462,746,163,127,168,73,96,153,83,55,89,95,51,44,67,58,71,62,177,96,66,45,66,41,120,36,29,55,46,52,168,109,48,33,84,72,63,68,180,100,188,60,137,42,250,88,295,90,213,113,503,105,2702,307,1517,186,1236,322,196,276,224,135,604,235,1665,461,2778,756,517,383,194,343,202,196,478,257,308,332,425,423,489,518,11435,4024,4989,5508,0,5468,3007,2508,8776,603,249,197,139,122,94,83,63,93,76,80,48,82,83,68,158,136,54,128,62,100,42,112,83,70,49,74,48,78,129,322,39,79,82,127,66,53,95,237,145,252,187,121,144,242,61,257,64,210,228,267,217,2988,385,257,554,1830,247,262,162,510,107,532,264,1158,325,3809,292,322,163,125,210,248,279,292,360,235,285,501,378,348,375,14738,4121,4327,5468,0,3432,4252,2611,11937,68,61,73,32,54,65,32,29,38,35,32,19,34,32,89,75,59,39,23,24,70,43,45,21,17,38,47,39,169,82,5,24,24,20,42,37,242,69,306,125,151,81,65,25,46,52,29,33,50,54,137,102,268,97,957,381,55,53,69,57,31,62,56,60,63,80,96,111,34,53,109,50,158,82,47,69,126,124,99,79,279,418,4479,1453,3007,3432,0,2233,3632,1269,113,112,109,55,58,68,62,44,57,80,38,44,27,48,34,196,42,57,45,52,38,115,51,25,16,59,45,44,73,297,17,29,55,29,66,25,99,233,124,320,94,335,74,83,53,117,44,59,81,62,118,187,197,143,680,1691,95,77,69,83,33,113,56,86,53,81,62,137,65,80,79,155,117,229,58,72,165,193,118,165,164,502,514,4071,2508,4252,2233,0,3947,3694,134,133,153,36,93,253,154,39,487,53,31,41,176,49,76,47,34,98,49,39,37,31,57,32,26,65,64,97,120,42,18,63,65,62,61,56,257,108,303,76,66,174,156,84,158,87,134,61,155,129,523,257,1128,356,3955,766,172,178,246,130,111,225,180,168,149,328,419,206,144,135,140,141,248,236,72,92,282,614,225,245,589,263,858,462,8776,2611,3632,3947,0,2591,391,161,249,294,78,121,36,78,79,192,120,168,41,137,118,138,68,124,111,153,23,125,188,184,73,101,36,45,176,126,14,58,82,132,174,101,103,291,246,346,127,260,163,230,292,321,54,256,158,220,161,1917,444,1094,676,7048,417,289,230,200,65,495,148,351,292,195,334,389,293,276,167,502,236,101,199,224,245,555,297,385,293,601,541,746,603,11937,1269,3694,2591,0
