0,9182,9549,3691,4609,4117,11190,2002,1467,2196,5101,2223,1692,947,1030,835,987,893,1521,861,539,618,879,860,814,620,1057,659,1135,701,1313,701,1481,838,1235,670,681,971,472,699,431,246,985,525,629,608,1986,1801,862,299,833,649,563,792,1477,1475,9999,1190,348,296,480,257,378,197,199,286,684,314,993,153,1009,775,1982,863,252,183,1596,814,32,39,246,214,143,236,124,306,85,118,127,492,9182,0,9551,7598,4071,4727,4667,11648,2146,2111,1738,4849,1266,801,1074,825,692,1507,1105,1401,594,782,1221,788,514,491,754,797,814,680,873,989,1065,1329,322,309,797,648,661,567,407,457,482,308,390,418,451,965,569,387,690,707,591,423,1028,1322,1262,17129,296,420,265,449,200,262,198,218,476,387,366,773,1173,1062,794,1380,316,190,807,1102,40,37,181,222,140,253,127,234,60,107,300,116,9549,9551,0,8544,5884,6084,20525,3153,1469,1341,1549,1756,1580,1182,1393,1302,1021,1288,5025,862,706,617,6423,592,613,399,773,440,632,460,968,870,1160,606,273,211,338,451,349,261,175,135,329,217,232,266,418,397,260,185,538,288,371,302,547,1551,1315,1181,154,145,207,118,213,209,132,106,505,329,362,84,858,682,1667,798,229,264,1082,707,28,40,285,138,140,141,168,148,56,85,208,162,3691,7598,8544,0,6510,4855,10482,25086,1543,1690,1264,1545,1130,969,975,868,713,1290,1194,7448,423,626,1335,5385,502,405,707,341,382,577,647,966,766,1287,216,205,188,280,209,179,129,216,275,224,282,247,537,351,179,206,280,209,217,247,409,1056,1084,1131,132,140,218,189,180,172,87,92,326,147,170,57,494,762,497,1492,169,170,420,346,22,29,96,132,88,90,64,138,34,38,54,242,4609,4071,5884,6510,0,3921,7108,4855,2747,2005,1209,1076,1121,818,2749,1113,597,633,863,813,729,560,707,689,868,869,3571,480,393,237,530,721,682,351,305,112,411,370,264,309,130,132,217,120,137,161,235,240,191,138,227,207,381,156,357,347,432,816,143,125,145,94,121,174,80,108,321,139,233,76,806,552,632,426,191,155,648,884,21,26,92,257,299,160,127,95,38,59,144,69,4117,4727,6084,4855,3921,0,9760,5438,2129,3046,1010,1140,681,1238,1401,2464,325,552,1111,918,768,763,807,748,968,1565,2456,3535,320,296,514,449,464,340,154,149,353,335,293,322,134,116,280,164,139,180,375,551,227,249,421,263,434,267,934,642,284,583,124,141,73,112,81,125,84,79,310,119,194,146,602,1014,486,508,186,85,408,508,13,23,109,74,164,326,137,97,86,81,398,151,11190,4667,20525,10482,7108,9760,0,10745,5329,3227,1422,2357,7776,876,1232,879,627,460,797,686,329,331,1469,598,298,415,543,368,768,373,387,304,434,586,200,236,278,232,163,222,208,112,252,136,156,148,435,367,298,154,307,147,147,161,388,864,638,431,99,96,66,88,83,93,62,56,386,259,194,63,464,568,1846,669,255,140,733,530,34,20,89,117,167,155,63,73,31,62,202,34,2002,11648,3153,25086,4855,5438,10745,0,6324,5266,2497,5132,2853,8072,1922,1024,392,631,561,812,269,490,395,1300,302,337,498,394,434,523,256,469,328,414,104,74,209,248,201,256,113,78,127,81,86,108,164,277,152,96,180,106,81,77,322,195,244,1232,61,67,61,57,99,99,46,34,188,125,122,46,447,347,618,1236,144,80,295,297,34,17,85,92,171,155,58,75,29,40,46,68,1467,2146,1469,1543,2747,2129,5329,6324,0,7203,1546,2211,3258,2214,7318,807,158,263,587,408,114,149,225,338,243,301,599,266,215,185,368,702,397,381,63,66,186,85,112,69,99,74,77,86,95,77,192,121,153,125,318,95,103,83,509,233,279,495,56,34,39,71,93,54,52,58,163,57,123,53,524,310,463,448,211,67,194,155,25,21,67,44,267,134,70,134,41,60,552,118,2196,2111,1341,1690,2005,3046,3227,5266,7203,0,1838,1916,2347,2034,2790,3188,268,227,521,674,219,307,270,448,232,355,608,455,232,232,256,439,336,346,120,141,138,147,140,101,115,112,200,110,154,104,594,166,204,113,139,99,148,84,271,601,377,389,64,98,90,70,99,74,50,75,257,141,109,43,188,874,206,566,90,103,294,415,33,32,341,90,146,418,90,89,40,78,64,239,5101,1738,1549,1264,1209,1010,1422,2497,1546,1838,0,2954,3446,2142,2524,1407,1008,441,527,478,409,362,416,642,291,394,653,424,3675,248,148,157,388,289,95,135,185,211,158,168,112,104,232,140,227,159,381,425,258,134,285,143,124,110,321,846,700,330,57,85,49,45,62,82,43,38,185,164,132,46,302,412,618,266,88,56,754,119,26,22,153,86,157,125,53,61,25,81,38,128,2223,4849,1756,1545,1076,1140,2357,5132,2211,1916,2954,0,7882,8159,2511,2287,1137,1689,470,651,319,404,641,557,492,573,729,529,2328,2888,373,199,349,419,80,98,190,128,154,126,177,86,311,98,139,72,248,103,140,64,141,85,148,104,482,515,688,280,141,65,83,122,54,120,50,56,254,118,86,46,292,563,368,443,50,74,190,531,46,27,59,105,399,404,43,91,20,26,78,583,1692,1266,1580,1130,1121,681,7776,2853,3258,2347,3446,7882,0,6259,6807,1625,564,563,671,675,400,375,879,440,252,319,628,398,4637,733,199,458,226,312,215,75,121,100,149,73,68,55,92,74,75,55,142,146,194,61,167,51,95,62,218,197,149,428,35,76,73,111,54,59,39,69,123,130,84,36,290,236,598,279,107,52,158,324,30,18,112,104,572,109,81,163,27,32,503,58,947,801,1182,969,818,1238,876,8072,2214,2034,2142,8159,6259,0,4555,4064,504,382,515,678,209,329,1110,732,366,412,733,495,1151,932,419,162,230,296,72,62,134,114,154,174,118,56,84,84,62,130,130,98,83,54,90,101,59,70,262,340,310,283,66,47,43,83,58,88,41,66,82,62,37,66,202,345,305,457,110,62,138,242,25,19,173,75,251,264,66,61,25,38,44,109,1030,1074,1393,975,2749,1401,1232,1922,7318,2790,2524,2511,6807,4555,0,5218,1233,708,878,1353,983,587,1201,696,600,654,1908,744,3350,482,458,1033,395,554,275,314,369,154,383,244,51,116,206,214,220,193,316,265,650,145,207,118,94,389,224,384,338,378,148,155,68,175,77,186,71,105,204,344,197,148,910,366,724,505,273,118,153,355,154,217,448,437,7128,336,53,194,69,32,63,180,835,825,1302,868,1113,2464,879,1024,807,3188,1407,2287,1625,4064,5218,0,1220,1420,1459,776,903,1086,1098,635,691,934,1225,1500,1500,2953,417,267,448,264,204,168,188,228,291,1442,249,194,189,244,247,209,224,351,240,83,107,130,202,323,119,494,449,587,355,66,67,189,122,228,101,209,269,200,228,161,315,1245,385,1054,126,183,329,619,113,574,300,294,608,7711,66,166,57,162,68,143,987,692,1021,713,597,325,627,392,158,268,1008,1137,564,504,1233,1220,0,1786,877,813,694,804,1373,816,387,602,1201,795,6829,723,456,416,394,255,355,359,189,360,251,399,298,144,367,324,207,166,357,69,484,178,435,195,188,242,400,358,2080,324,120,86,228,230,524,353,159,102,223,291,218,93,480,332,1323,198,270,184,694,594,1305,383,6151,287,521,498,128,82,48,32,62,59,893,1507,1288,1290,633,552,460,631,263,227,441,1689,563,382,708,1420,1786,0,1203,1067,867,1028,1176,780,818,546,1267,1032,2085,6424,341,568,484,420,215,264,471,248,230,383,455,436,229,192,140,205,295,663,289,157,411,424,396,199,693,395,721,1853,197,289,408,331,211,857,117,170,490,333,224,259,470,444,278,1006,251,103,458,279,319,1285,850,5454,223,476,74,134,31,41,140,195,1521,1105,5025,1194,863,1111,797,561,587,521,527,470,671,515,878,1459,877,1203,0,6151,1089,1299,3262,909,611,789,740,768,1422,925,984,1314,11009,2542,109,131,274,172,217,424,92,95,378,220,232,201,293,251,235,138,261,107,214,174,489,621,401,282,95,114,37,116,105,110,288,119,391,222,4336,131,469,442,793,356,121,46,341,330,68,57,148,262,343,440,62,83,26,48,76,142,861,1401,862,7448,813,918,686,812,408,674,478,651,675,678,1353,776,813,1067,6151,0,1493,1534,1614,1503,833,994,1287,805,1328,1465,1094,1157,2768,10995,233,260,272,342,157,279,319,129,425,343,266,120,220,187,304,154,330,110,131,167,382,394,506,481,81,135,117,119,96,130,211,146,484,548,1227,1376,382,602,284,595,78,80,248,431,52,46,147,354,224,320,41,120,21,66,32,162,539,594,706,423,729,768,329,269,114,219,409,319,400,209,983,903,694,867,1089,1493,0,1964,917,1088,972,1421,2397,647,1263,508,590,1018,511,1038,232,131,182,282,170,208,121,87,163,81,78,136,126,133,170,192,168,98,130,71,96,103,351,463,114,63,86,109,95,170,55,92,354,182,123,228,1069,514,863,177,58,64,239,198,58,60,250,153,382,325,60,52,31,22,18,37,618,782,617,626,560,763,331,490,149,307,362,404,375,329,587,1086,804,1028,1299,1534,1964,0,1468,1214,1135,1480,1396,1564,1676,853,834,1157,801,1323,195,91,174,179,116,521,86,119,196,134,96,129,405,283,253,125,105,106,140,147,151,289,459,398,119,62,140,62,174,92,131,113,307,200,215,103,348,1105,204,435,72,87,203,304,127,84,297,180,243,246,33,160,26,55,27,114,879,1221,6423,1335,707,807,1469,395,225,270,416,641,879,1110,1201,1098,1373,1176,3262,1614,917,1468,0,5231,2744,1646,1414,1199,1998,1730,9481,1443,2549,1300,200,103,228,149,69,135,84,132,142,114,101,119,128,221,326,176,172,134,77,90,248,407,554,454,91,83,146,102,117,178,78,60,200,152,155,119,278,524,465,367,109,63,133,162,81,44,156,278,278,218,111,98,31,101,53,307,860,788,592,5385,689,748,598,1300,338,448,642,557,440,732,696,635,816,780,909,1503,1088,1214,5231,0,2016,3158,1257,904,1986,1189,2238,5202,1139,1635,104,73,119,134,308,236,133,86,111,77,85,66,120,209,127,104,74,136,65,167,97,346,169,208,41,84,40,62,73,74,36,78,175,152,315,109,229,618,378,423,94,54,209,205,81,52,160,205,132,286,29,49,25,18,42,366,814,514,613,502,868,968,298,302,243,232,291,492,252,366,600,691,387,818,611,833,972,1135,2744,2016,0,6781,6043,3037,1281,1363,5362,1557,812,642,115,68,154,185,107,113,183,78,145,62,116,74,135,66,194,106,141,153,63,88,177,369,169,306,73,52,39,45,83,102,38,44,243,104,97,89,399,300,140,204,79,57,277,128,34,95,151,158,95,225,35,82,12,30,28,104,620,491,399,405,869,1565,415,337,301,355,394,573,319,412,654,934,602,546,789,994,1421,1480,1646,3158,6781,0,5993,4443,1715,2330,4805,3402,623,876,72,74,363,257,152,213,111,47,307,84,172,120,258,217,103,122,113,81,121,65,174,273,370,296,97,75,51,132,92,142,67,88,196,121,208,141,660,749,140,202,46,88,251,494,54,51,279,243,195,451,65,79,76,75,107,108,1057,754,773,707,3571,2456,543,498,599,608,653,729,628,733,1908,1225,1201,1267,740,1287,2397,1396,1414,1257,6043,5993,0,9063,1873,1511,2020,1107,523,658,125,123,104,175,193,193,119,67,428,92,141,145,220,103,138,135,150,149,148,121,402,148,317,634,88,105,124,99,89,145,55,60,237,227,152,265,754,416,271,361,52,44,369,534,81,86,221,304,375,213,28,69,79,85,114,76,659,797,440,341,480,3535,368,394,266,455,424,529,398,495,744,1500,795,1032,768,805,647,1564,1199,904,3037,4443,9063,0,1398,1173,1501,1086,651,1289,108,79,64,221,103,324,54,68,294,100,186,356,266,211,168,147,144,89,125,108,155,262,240,202,56,39,54,61,62,72,69,87,181,168,210,76,459,758,196,211,44,52,219,124,118,77,228,364,189,320,27,95,36,43,142,59,1135,814,632,382,393,320,768,434,215,232,3675,2328,4637,1151,3350,1500,6829,2085,1422,1328,1263,1676,1998,1986,1281,1715,1873,1398,0,2366,2536,1613,1020,924,221,341,274,333,495,494,177,118,468,239,351,292,327,201,353,244,341,308,192,304,355,511,911,311,324,119,258,381,431,350,454,172,444,423,147,141,490,246,887,435,235,369,662,679,1759,624,3353,800,2784,441,165,149,139,57,172,154,701,680,460,577,237,296,373,523,185,232,248,2888,733,932,482,2953,723,6424,925,1465,508,853,1730,1189,1363,2330,1511,1173,2366,0,3845,1670,1358,1516,208,226,602,265,202,367,277,235,341,243,249,315,399,197,524,169,291,226,427,309,171,527,583,590,309,381,258,140,263,516,132,710,325,441,284,237,382,713,409,1007,96,518,662,633,389,1233,670,3970,897,3286,143,379,55,215,28,116,1313,873,968,647,530,514,387,256,368,256,148,373,199,419,458,417,456,341,984,1094,590,834,9481,2238,5362,4805,2020,1501,2536,3845,0,5764,3843,2018,117,65,124,101,164,95,132,31,596,100,220,193,282,90,109,106,256,156,127,50,108,62,419,246,70,59,188,161,122,71,43,52,194,190,203,60,317,216,133,169,50,44,238,185,144,186,324,144,96,102,43,43,9,9,36,7,701,989,870,966,721,449,304,469,702,439,157,199,458,162,1033,267,416,568,1314,1157,1018,1157,1443,5202,1557,3402,1107,1086,1613,1670,5764,0,3821,4838,293,128,131,331,148,141,68,85,53,56,96,73,174,316,74,103,134,89,83,105,303,423,197,289,52,138,85,92,100,103,68,120,361,402,115,148,142,540,99,176,57,30,131,366,156,122,154,134,121,147,50,117,10,28,95,43,1481,1065,1160,766,682,464,434,328,397,336,388,349,226,230,395,448,394,484,11009,2768,511,801,2549,1139,812,623,523,651,1020,1358,3843,3821,0,11735,2146,400,401,333,380,628,110,202,486,239,522,682,214,605,430,182,357,259,135,116,238,443,565,391,627,338,328,159,334,226,623,337,6411,945,4670,189,264,347,235,279,57,44,192,130,69,62,336,404,93,224,95,122,42,70,160,139,838,1329,606,1287,351,340,586,414,381,346,289,419,312,296,554,264,255,420,2542,10995,1038,1323,1300,1635,642,876,658,1289,924,1516,2018,4838,11735,0,1899,1368,212,358,312,354,177,185,440,178,399,455,383,415,410,151,454,261,154,269,436,379,643,723,118,618,236,185,287,288,277,320,1707,6111,1298,1413,144,285,145,262,38,103,246,464,25,72,213,319,74,108,88,170,35,37,68,164,1235,322,273,216,305,154,200,104,63,120,95,80,215,72,275,204,355,215,109,233,232,195,200,104,115,72,125,108,221,208,117,293,2146,1899,0,837,324,233,170,226,161,142,393,187,443,373,479,349,320,189,188,154,114,122,212,425,384,276,165,157,296,81,128,177,216,237,4639,547,154,58,175,179,77,176,73,80,331,253,92,38,352,254,173,58,73,89,46,60,97,184,670,309,211,205,112,149,236,74,66,141,135,98,75,62,314,168,359,264,131,260,131,91,103,73,68,74,123,79,341,226,65,128,400,1368,837,0,325,228,241,243,167,101,316,278,248,404,480,715,365,281,452,303,174,319,501,401,434,239,185,144,114,125,136,124,98,107,885,1640,205,195,208,317,109,324,48,74,261,155,126,88,381,283,231,120,47,42,30,25,59,84,681,797,338,188,411,353,278,209,186,138,185,190,121,134,369,188,189,471,274,272,182,174,228,119,154,363,104,64,274,602,124,131,401,212,324,325,0,3493,8553,1083,927,150,676,311,343,400,372,270,238,258,345,303,209,269,2203,261,155,324,139,82,87,102,82,93,94,120,568,374,317,82,159,371,105,128,146,99,291,168,50,57,235,451,281,138,152,131,222,107,388,125,971,648,451,280,370,335,232,248,85,147,211,128,100,114,154,228,360,248,172,342,282,179,149,134,185,257,175,221,333,265,101,331,333,358,233,228,3493,0,4122,7348,1005,826,500,463,419,333,445,805,313,395,466,562,365,308,1083,2287,363,253,146,210,211,113,120,543,189,122,480,503,104,100,143,551,102,221,61,263,230,1079,20,49,266,173,115,129,127,303,59,178,108,363,472,661,349,209,264,293,163,201,112,140,158,154,149,154,383,291,251,230,217,157,170,116,69,308,107,152,193,103,495,202,164,148,380,312,170,241,8553,4122,0,4004,3606,571,686,545,423,509,882,803,387,670,643,389,713,723,6063,1355,396,443,130,43,101,99,132,150,128,156,591,218,107,126,215,282,366,188,95,85,264,242,158,102,275,310,861,89,128,166,338,89,248,382,699,567,261,179,309,322,222,256,69,101,168,126,73,174,244,1442,399,383,424,279,208,521,135,236,113,213,193,324,494,367,95,141,628,354,226,243,1083,7348,4004,0,2238,2175,919,1218,673,730,957,1553,389,666,448,735,676,969,1508,6037,772,206,104,129,107,101,166,196,86,293,454,564,294,116,139,362,185,243,70,207,150,196,123,119,234,169,372,1191,77,296,204,504,99,386,431,407,175,129,130,134,208,113,99,115,112,177,68,118,51,249,298,455,92,319,121,86,84,133,183,111,119,54,177,277,132,68,110,177,161,167,927,1005,3606,2238,0,642,645,310,466,390,407,215,339,325,795,264,142,276,1048,894,496,266,97,93,125,56,80,221,150,83,674,162,45,59,220,176,306,116,117,69,219,164,58,38,159,143,407,237,116,360,199,104,67,185,246,457,135,216,132,116,112,78,74,112,104,86,55,56,116,194,144,436,95,129,87,119,132,86,78,47,67,68,118,235,31,85,202,185,142,101,150,826,571,2175,642,0,454,287,316,228,341,448,270,211,336,169,214,139,832,609,173,445,117,182,64,92,76,128,69,86,260,410,221,158,176,412,172,420,152,196,252,441,51,108,95,269,124,460,48,116,53,262,99,279,985,482,329,275,217,280,252,127,77,200,232,311,92,84,206,189,367,229,378,425,163,196,142,111,145,307,428,294,468,341,596,53,486,440,393,316,676,500,686,919,645,454,0,10318,26181,7124,13817,4169,1833,792,1379,443,356,232,979,1118,797,634,300,395,354,210,185,277,173,677,3093,138,239,132,75,305,85,235,23,84,130,290,61,64,200,114,637,152,237,171,56,80,139,171,525,308,217,224,120,164,136,81,86,110,140,98,74,84,214,244,324,192,220,343,81,134,114,77,62,84,92,100,239,243,100,56,239,178,187,278,311,463,545,1218,310,287,10318,0,7718,12492,7208,11015,1428,2622,678,1364,680,641,1219,1044,483,740,382,222,372,219,353,543,150,266,1173,2999,180,49,77,272,178,182,31,37,103,216,60,71,276,248,268,285,66,329,53,85,118,253,629,390,232,282,137,139,156,86,95,154,227,139,75,62,220,247,207,140,232,266,78,96,101,85,116,172,141,186,351,249,220,96,522,399,443,248,343,419,423,673,466,316,26181,7718,0,6925,4088,3550,6469,1295,1461,458,405,236,960,1188,931,506,737,283,342,155,277,442,383,693,7663,1306,248,75,261,55,145,75,80,41,85,176,56,40,226,75,131,352,229,60,48,67,224,298,608,418,266,247,161,180,148,108,77,104,159,72,55,130,193,209,166,205,201,120,136,129,119,66,74,120,145,356,292,315,193,73,682,455,373,404,400,333,509,730,390,228,7124,12492,6925,0,4571,3992,3003,5857,1250,1647,622,431,1049,844,456,980,613,560,504,216,320,471,352,577,1567,5123,170,143,74,115,103,114,20,29,214,231,47,72,373,167,137,259,117,249,48,97,167,302,1986,451,418,537,235,375,435,164,192,594,381,248,142,130,316,224,357,295,293,220,126,405,128,120,135,258,220,266,327,399,282,174,214,383,479,480,372,445,882,957,407,341,13817,7208,4088,4571,0,4815,1957,1894,1745,1057,830,805,4462,637,525,286,158,196,159,70,92,313,149,300,1030,533,239,54,181,90,163,70,52,52,343,144,49,30,261,151,111,110,219,87,28,52,137,65,1801,965,397,351,240,551,367,277,121,166,425,103,146,98,265,351,69,663,251,187,133,283,221,209,66,217,103,211,201,197,90,316,605,415,349,715,270,805,803,1553,215,448,4169,11015,3550,3992,4815,0,3057,2475,1966,1861,1063,2247,1502,3525,368,389,247,272,254,81,159,234,84,275,721,1853,76,64,56,60,56,67,25,7,99,447,24,27,62,198,72,140,120,147,36,41,58,216,862,569,260,179,191,227,298,152,153,204,258,140,194,83,650,240,484,289,235,304,170,253,326,127,194,103,138,168,353,524,109,74,430,410,320,365,238,313,387,389,339,270,1833,1428,6469,3003,1957,3057,0,5777,10213,895,654,560,857,1075,969,935,1206,391,574,262,341,213,345,640,2450,726,324,42,112,175,259,108,28,22,157,344,46,42,272,106,212,206,387,270,87,71,176,120,299,387,185,206,138,249,154,96,125,113,134,64,61,54,145,83,178,157,138,154,192,125,176,104,106,122,135,147,244,169,106,103,182,151,189,281,258,395,670,666,325,211,792,2622,1295,5857,1894,2475,5777,0,5976,6238,572,746,821,851,433,710,527,1066,413,283,177,274,313,1422,1012,732,43,103,313,205,290,99,47,59,238,384,151,67,157,356,175,128,109,210,54,48,182,315,833,690,538,280,227,421,307,180,318,139,285,141,167,90,207,107,435,411,261,330,168,105,172,74,141,113,150,144,341,291,256,134,357,454,188,452,345,466,643,448,795,336,1379,678,1461,1250,1745,1966,10213,5976,0,7169,7117,1295,3711,1649,1479,1250,2341,933,2450,473,436,599,2475,551,1118,784,231,295,296,210,223,240,89,161,344,304,180,226,734,344,258,366,2574,167,161,163,628,195,649,707,288,209,207,263,147,106,95,99,143,85,51,101,118,130,195,424,107,110,98,106,134,136,153,81,149,89,308,226,156,89,259,261,154,303,303,562,389,735,264,169,443,1364,458,1647,1057,1861,895,6238,7169,0,3184,5815,1873,1784,958,674,666,949,416,651,526,557,711,2794,750,675,182,126,346,463,211,328,78,125,371,390,118,157,377,470,298,508,361,2672,147,250,219,1919,563,591,371,217,381,434,147,81,103,148,124,148,95,59,94,202,188,396,214,131,130,140,77,65,63,121,148,125,192,427,127,83,135,154,114,174,209,365,713,676,142,214,356,680,405,622,830,1063,654,572,7117,3184,0,2370,4522,1196,734,858,427,311,657,360,310,385,541,640,587,487,342,156,270,250,109,362,134,194,342,202,216,269,446,423,226,281,1501,552,320,251,1270,396,792,423,302,247,156,267,161,77,83,84,110,104,62,70,389,323,242,199,174,167,71,147,90,167,88,65,121,108,304,309,50,105,116,269,122,319,269,308,723,969,276,139,232,641,236,431,805,2247,560,746,1295,5815,2370,0,3865,2991,718,501,373,328,291,141,137,213,226,452,675,590,88,121,122,240,130,203,29,100,217,131,99,104,325,169,259,420,221,286,111,161,574,1110,1477,1028,547,409,357,934,388,322,509,271,321,482,218,262,224,119,400,693,489,382,96,151,248,97,177,174,402,155,355,171,108,303,238,436,212,501,2203,1083,6063,1508,1048,832,979,1219,960,1049,4462,1502,857,821,3711,1873,4522,3865,0,2783,1450,1521,610,664,588,564,687,417,523,899,612,687,610,207,302,426,210,273,138,267,414,549,216,278,526,472,572,361,1354,814,1688,819,5451,886,1475,1322,1551,1056,347,642,864,195,233,601,846,515,197,340,384,494,358,395,621,394,103,289,407,346,369,273,148,262,511,527,62,423,443,379,425,401,261,2287,1355,6037,894,609,1118,1044,1188,844,637,3525,1075,851,1649,1784,1196,2991,2783,0,1377,889,446,500,314,332,305,601,529,492,1019,917,382,356,314,518,142,175,164,218,293,702,214,361,464,500,443,619,395,1824,414,2838,996,8305,9999,1262,1315,1084,432,284,638,244,279,377,700,688,149,310,338,449,2080,721,401,506,351,459,554,169,169,370,317,240,911,583,419,197,565,643,384,434,155,363,396,772,496,173,797,483,931,456,525,368,969,433,1479,958,734,718,1450,1377,0,5012,4151,2188,9711,1923,4212,561,706,729,677,628,918,112,510,315,1408,282,105,174,825,633,311,560,2155,161,153,71,230,449,81,154,321,702,1190,17129,1181,1131,816,583,431,1232,495,389,330,280,428,283,378,587,324,1853,282,481,463,398,454,208,306,296,634,202,311,590,246,289,391,723,276,239,324,253,443,206,266,445,634,740,506,980,286,389,935,710,1250,674,858,501,1521,889,5012,0,5095,10631,3705,5749,1832,9247,795,629,1069,1739,340,1230,236,372,222,1003,111,76,204,588,168,263,355,1089,98,279,348,237,116,75,345,559,348,296,154,132,143,124,99,61,56,64,57,141,35,66,148,355,120,197,95,81,114,119,91,41,73,97,88,56,324,309,70,52,627,118,165,185,139,146,130,104,97,117,300,382,737,613,158,247,1206,527,2341,666,427,373,610,446,4151,5095,0,4323,5866,2089,2134,2197,2206,830,3546,895,488,210,217,83,268,103,44,69,289,352,44,62,377,220,62,426,191,218,87,80,343,341,296,420,145,140,125,141,96,67,34,98,85,65,76,47,155,66,86,289,114,135,63,62,83,84,52,75,105,39,119,381,59,138,338,618,157,144,82,210,43,129,93,182,395,222,283,560,196,272,391,1066,933,949,311,328,664,500,2188,10631,4323,0,5354,6656,1984,2559,2105,4526,2029,4168,718,351,87,145,206,471,45,60,104,768,64,78,326,423,118,98,135,435,55,102,117,228,480,265,207,218,145,73,66,61,39,90,49,83,73,43,68,67,228,408,37,117,86,140,146,40,39,51,124,54,258,258,188,85,328,236,296,114,87,211,101,107,125,64,354,372,342,504,159,254,574,413,2450,416,657,291,588,314,9711,3705,5866,5354,0,5008,7491,3090,5411,780,1351,857,257,93,188,292,227,179,29,78,413,144,75,101,733,488,204,78,445,124,54,43,150,94,257,449,118,189,94,112,88,57,71,70,45,122,111,83,175,189,230,331,116,119,109,62,102,62,45,132,99,61,381,140,161,92,159,185,81,125,102,113,99,101,56,92,210,219,155,216,70,81,262,283,473,651,360,141,564,332,1923,5749,2089,6656,5008,0,6023,10092,2584,6136,1512,1424,245,441,163,142,285,374,70,93,381,294,168,129,592,603,260,242,203,460,80,110,343,545,378,200,213,180,121,81,83,99,93,99,62,54,54,58,77,122,524,211,105,96,95,174,117,73,83,92,89,62,431,263,122,100,334,287,128,136,82,120,132,166,80,76,185,353,277,320,92,159,341,177,436,526,310,137,687,305,4212,1832,2134,1984,7491,6023,0,4236,2553,2182,1904,1590,604,312,369,527,810,436,286,490,792,269,284,535,4755,369,359,428,1370,428,50,61,151,320,197,262,209,172,174,125,93,99,54,74,82,120,59,88,186,228,353,857,110,130,170,92,178,74,102,142,145,72,350,516,71,103,226,288,177,124,93,543,150,196,221,128,277,543,442,471,313,234,213,274,599,557,385,213,417,601,561,9247,2197,2559,3090,10092,4236,0,2979,3314,2221,1668,546,392,949,443,634,664,254,409,387,759,486,361,905,6855,302,354,526,1008,147,100,285,437,199,198,132,87,80,84,62,46,52,50,43,50,39,41,71,101,159,117,288,211,55,131,78,36,38,67,55,69,454,132,43,68,623,277,216,98,94,189,128,86,150,69,173,150,383,352,149,84,345,313,2475,711,541,226,523,529,706,795,2206,2105,5411,2584,2553,2979,0,3413,2018,1832,330,336,607,365,208,343,198,155,182,213,163,124,579,583,398,674,3546,332,238,63,168,360,286,218,106,92,108,79,56,34,58,75,38,56,69,66,105,209,102,170,119,146,92,113,60,78,44,88,60,87,172,710,52,120,337,320,237,107,120,122,156,293,83,86,677,266,693,577,300,275,640,1422,551,2794,640,452,899,492,729,629,830,4526,780,6136,2182,3314,3413,0,2626,2229,542,378,303,180,180,229,109,111,218,391,109,135,817,1758,428,586,1383,5123,97,89,391,295,684,476,505,326,321,310,386,188,163,257,185,254,123,82,204,269,223,490,391,484,354,307,200,175,243,196,237,181,444,325,194,361,6411,1707,4639,885,568,480,591,454,674,260,3093,1173,7663,1567,1030,721,2450,1012,1118,750,587,675,612,1019,677,1069,3546,2029,1351,1512,1904,2221,2018,2626,0,7457,5162,442,482,516,247,487,90,123,489,367,132,148,1136,684,338,175,523,414,83,53,572,440,314,387,329,147,139,119,259,125,57,141,164,118,130,62,344,200,291,333,222,548,182,200,152,152,104,121,227,168,423,441,190,402,945,6111,547,1640,374,503,218,564,162,410,138,2999,1306,5123,533,1853,726,732,784,675,487,590,687,917,628,1739,895,4168,857,1424,1590,1668,1832,2229,7457,0,2368,2691,440,254,386,527,83,118,292,552,97,106,654,414,272,336,638,550,172,145,383,551,993,366,362,170,233,194,194,122,123,109,132,86,84,37,197,228,218,224,4336,1227,123,215,155,315,97,208,152,210,147,284,203,115,4670,1298,154,205,317,104,107,294,45,221,239,180,248,170,239,76,324,43,231,182,342,88,610,382,918,340,488,718,257,245,604,546,330,542,5162,2368,0,1321,213,292,242,294,110,236,433,83,49,61,321,330,177,271,184,254,59,88,268,431,153,773,84,57,76,146,63,46,53,43,46,46,36,66,148,161,93,259,131,1376,228,103,119,109,89,141,265,76,141,237,60,148,189,1413,58,195,82,100,126,116,59,158,132,49,75,143,54,64,42,103,295,126,156,121,207,356,112,1230,210,351,93,441,312,392,336,378,442,2691,1321,0,661,271,498,314,105,62,215,677,101,90,592,697,292,202,468,212,92,95,161,435,1009,1173,858,494,806,602,464,447,524,188,302,292,290,202,910,315,480,470,469,382,1069,348,278,229,399,660,754,459,490,382,317,142,264,144,175,208,159,143,215,139,220,176,75,77,261,74,181,56,112,313,296,346,270,122,302,314,510,236,217,87,188,163,369,949,607,303,482,440,213,661,0,1083,2853,718,703,163,1425,519,125,92,637,545,464,299,313,369,90,121,118,227,775,1062,682,762,552,1014,568,347,310,874,412,563,236,345,366,1245,332,444,442,602,514,1105,524,618,300,749,416,758,246,713,216,540,347,285,179,317,371,551,282,362,176,412,305,272,55,115,90,60,175,205,210,463,250,240,426,518,315,372,83,145,292,142,527,443,365,180,516,254,292,271,1083,0,1285,2604,555,705,247,1508,85,123,564,522,251,553,330,350,68,151,204,696,1982,794,1667,497,632,486,1846,618,463,206,618,368,598,305,724,385,1323,278,793,284,863,204,465,378,140,140,271,196,887,409,133,99,235,145,77,109,105,102,366,185,306,172,85,178,145,103,163,56,259,290,223,211,109,130,210,142,1408,222,268,206,227,285,810,634,208,180,247,386,242,498,2853,1285,0,1423,634,110,638,444,148,108,656,389,561,388,657,414,322,144,354,326,863,1380,798,1492,426,508,669,1236,448,566,266,443,279,457,505,1054,198,1006,356,595,177,435,367,423,204,202,361,211,435,1007,169,176,279,262,176,324,128,221,188,243,116,420,235,182,75,114,70,67,108,99,240,328,362,203,273,175,282,1003,103,471,179,374,436,664,343,229,487,527,294,314,718,2604,1423,0,1790,1205,190,805,63,272,890,871,426,513,323,448,114,230,352,150,252,316,229,169,191,186,255,144,211,90,88,50,107,110,273,126,270,251,121,78,58,72,109,94,79,46,52,44,235,96,50,57,57,38,73,48,146,61,95,70,117,152,23,31,80,20,52,25,28,47,89,78,134,29,138,164,105,111,44,45,29,70,286,254,198,109,90,83,110,105,703,555,634,1790,0,617,555,562,94,108,840,597,208,142,424,528,71,37,112,313,183,190,264,170,155,85,140,80,67,103,56,74,52,62,118,183,184,103,46,80,64,87,63,54,57,88,44,52,369,518,44,30,44,103,80,74,99,263,85,207,69,196,84,37,41,29,52,7,22,59,161,125,194,100,267,218,174,76,69,60,78,93,490,409,155,111,123,118,236,62,163,705,110,1205,617,0,648,631,76,169,1364,404,400,195,428,440,104,109,130,381,1596,807,1082,420,648,408,733,295,194,294,754,190,158,138,153,329,694,458,341,248,239,203,133,209,277,251,369,219,662,662,238,131,192,246,331,261,291,230,264,150,219,252,130,103,85,214,343,99,157,238,344,371,342,217,414,293,825,204,289,104,413,381,792,387,182,218,489,292,433,215,1425,247,638,190,555,648,0,828,131,137,889,915,290,483,494,415,283,358,373,376,814,1102,707,346,884,508,530,297,155,415,119,531,324,242,355,619,594,279,330,431,198,304,162,205,128,494,534,124,679,633,185,366,130,464,253,155,168,1079,242,196,164,441,290,216,176,231,144,447,344,384,304,390,202,131,549,702,633,588,352,768,144,294,269,759,213,391,367,552,83,677,519,1508,444,805,562,631,828,0,174,251,1090,895,446,310,462,379,175,177,858,778,32,40,28,22,21,13,34,34,25,33,26,46,30,25,154,113,1305,319,68,52,58,127,81,81,34,54,81,118,1759,389,144,156,69,25,92,126,50,20,158,123,58,51,61,60,56,47,49,24,46,151,180,118,216,99,216,214,311,168,44,64,75,168,284,486,163,109,132,97,49,101,125,85,148,63,94,76,131,174,0,258,1897,1021,660,335,798,773,150,122,373,362,39,37,40,29,26,23,20,17,21,32,22,27,18,19,217,574,383,1285,57,46,60,84,44,52,95,51,86,77,624,1233,186,122,62,72,38,88,57,49,102,119,38,108,64,71,40,72,30,27,42,67,226,157,269,104,278,361,560,263,62,78,101,129,535,361,124,135,148,106,61,90,92,123,108,272,108,169,137,251,258,0,2368,2249,402,727,622,635,123,314,625,521,246,181,285,96,92,109,89,85,67,341,153,59,112,173,448,300,6151,850,148,147,250,297,156,160,151,279,221,228,3353,670,324,154,336,213,352,381,235,266,275,234,159,95,200,276,226,373,261,62,272,157,734,377,446,325,526,464,2155,355,377,326,733,592,4755,905,579,817,1136,654,321,592,637,564,656,890,840,1364,889,1090,1897,2368,0,6371,6320,2913,15369,422,296,202,920,412,214,222,138,132,257,74,117,92,44,90,86,105,104,75,437,294,287,5454,262,354,153,180,278,205,158,243,304,364,800,3970,144,134,404,319,254,283,451,173,310,169,143,269,114,248,75,167,151,198,106,356,344,470,423,169,472,500,161,1089,220,423,488,603,369,6855,583,1758,684,414,330,697,545,522,389,871,597,404,915,895,1021,2249,6371,0,5370,9110,6918,20273,471,509,535,707,143,140,140,88,299,164,167,171,267,146,157,399,572,251,7128,608,521,223,343,224,382,243,278,132,95,195,375,189,2784,897,96,121,93,74,173,231,281,115,861,372,407,124,637,268,131,137,111,72,212,175,258,298,226,259,572,443,153,98,62,118,204,260,359,302,398,428,338,272,177,292,464,251,561,426,208,400,290,446,660,402,6320,5370,0,4588,7255,7481,7648,673,1037,739,236,253,141,90,160,326,155,155,134,418,125,404,109,264,336,7711,498,476,440,320,325,246,218,286,225,451,213,320,441,3286,102,147,224,108,58,120,138,129,89,1191,237,460,152,285,352,259,110,140,206,128,366,508,281,420,361,619,71,279,426,98,78,242,428,354,674,586,175,336,271,202,299,553,388,513,142,195,483,310,335,727,2913,9110,4588,0,10397,6741,3526,6161,501,648,124,127,168,64,127,137,63,58,70,90,53,43,81,66,53,66,128,74,62,41,60,33,111,29,35,65,28,27,165,143,43,50,95,88,73,47,152,127,128,77,116,48,237,66,229,117,219,120,387,109,2574,361,1501,221,1354,395,230,348,191,135,445,203,1370,526,3546,1383,523,638,184,468,313,330,657,323,424,428,494,462,798,622,15369,6918,7255,10397,0,9822,4836,3979,11773,800,306,234,148,138,95,97,73,75,134,89,61,91,163,61,194,166,82,134,83,120,52,160,98,49,82,79,69,95,149,379,43,117,122,170,89,42,131,303,166,296,360,116,171,329,60,249,87,147,270,210,167,2672,552,286,814,1824,449,237,218,435,124,460,428,1008,332,5123,414,550,254,212,369,350,414,448,528,440,415,379,773,635,422,20273,7481,6741,9822,0,6148,5915,4124,15446,85,60,56,34,38,86,31,29,41,40,25,20,27,25,69,57,48,31,26,21,31,26,31,25,12,76,79,36,139,55,9,10,42,35,46,30,222,59,338,204,199,53,56,53,48,48,28,36,87,54,161,147,320,111,1688,414,81,116,87,55,54,80,50,147,238,97,83,172,59,92,90,68,322,114,71,104,283,175,150,123,296,471,7648,3526,4836,6148,0,4193,5695,1563,118,107,85,38,59,81,62,40,60,78,81,26,32,38,32,162,32,41,48,66,22,55,101,18,30,75,85,43,57,215,9,28,70,37,60,25,107,178,89,504,104,262,80,85,67,97,52,41,71,48,163,250,251,161,819,2838,154,75,80,102,43,110,61,100,63,89,53,145,88,95,121,151,144,230,37,109,358,177,122,314,202,509,673,6161,3979,5915,4193,0,6618,5351,127,300,208,54,144,398,202,46,552,64,38,78,503,44,63,68,62,140,76,32,18,27,53,42,28,107,114,142,172,28,36,95,160,68,97,59,388,108,248,99,67,99,139,118,224,167,137,58,176,182,628,219,1270,574,5451,996,321,345,343,117,150,343,151,285,168,391,572,383,268,161,118,204,354,352,112,130,373,858,373,625,920,535,1037,501,11773,4124,5695,6618,0,4453,492,116,162,242,69,151,34,68,118,239,128,583,58,109,180,143,59,195,142,162,37,114,307,366,104,108,76,59,154,116,7,43,139,164,184,84,125,363,382,386,185,279,171,253,298,302,65,216,120,315,195,1919,396,1110,886,8305,702,559,341,228,94,545,320,437,360,295,440,551,431,435,227,696,326,150,313,381,376,778,362,521,412,707,739,648,800,15446,1563,5351,4453,0
